127
0.0000 0.2000 0.4000
0.2000 0.4000 0.6000
0.2000 0.4000 0.8000
0.0000 0.2000 0.6000
0.0000 0.0000 0.6000
0.0000 0.0000 0.8000
0.0000 0.0000 0.4000
0.0000 0.4000 0.4000
0.0000 0.4000 0.6000
0.0000 0.6000 0.8000
0.0000 0.4000 0.8000
0.0000 0.2000 0.8000
0.0000 0.0000 1.0000
0.2000 0.2000 1.0000
0.2000 0.2000 0.6000
0.4000 0.6000 0.6000
0.0000 0.6000 0.6000
0.2000 0.8000 0.8000
0.0000 0.8000 1.0000
0.0000 0.6000 1.0000
0.0000 0.4000 1.0000
0.2000 0.4000 1.0000
0.2000 0.2000 0.8000
0.4000 0.4000 0.6000
0.2000 0.6000 0.4000
0.0000 0.8000 0.6000
0.0000 1.0000 0.8000
0.0000 1.0000 1.0000
0.2000 0.8000 1.0000
0.2000 0.6000 1.0000
0.4000 0.6000 1.0000
0.4000 0.4000 1.0000
0.4000 0.0000 1.0000
0.4000 0.0000 0.8000
0.2000 0.6000 0.2000
0.0000 0.8000 0.4000
0.0000 1.0000 0.6000
0.4000 1.0000 0.8000
0.4000 1.0000 1.0000
0.4000 0.8000 1.0000
0.6000 0.8000 1.0000
0.6000 0.6000 1.0000
0.6000 0.4000 1.0000
0.6000 0.2000 1.0000
0.6000 0.0000 1.0000
0.0000 0.4000 0.0000
0.0000 0.8000 0.0000
0.0000 1.0000 0.0000
0.4000 1.0000 0.6000
0.6000 1.0000 0.8000
0.8000 1.0000 1.0000
0.8000 0.8000 1.0000
0.8000 0.6000 1.0000
0.8000 0.4000 1.0000
0.8000 0.2000 1.0000
0.8000 0.0000 1.0000
0.6000 0.0000 0.8000
0.0000 0.2000 0.0000
0.0000 0.6000 0.2000
0.2000 0.8000 0.2000
0.4000 1.0000 0.4000
0.6000 1.0000 0.6000
0.8000 1.0000 0.8000
1.0000 1.0000 1.0000
1.0000 0.8000 1.0000
1.0000 0.6000 1.0000
1.0000 0.4000 1.0000
1.0000 0.0000 1.0000
0.8000 0.0000 0.8000
0.4000 0.0000 0.4000
0.2000 0.4000 0.0000
0.0000 0.6000 0.0000
0.4000 1.0000 0.2000
0.6000 1.0000 0.4000
0.8000 1.0000 0.6000
1.0000 1.0000 0.8000
1.0000 0.8000 0.8000
1.0000 0.6000 0.8000
1.0000 0.4000 0.8000
1.0000 0.2000 0.8000
0.8000 0.0000 0.6000
0.6000 0.2000 0.6000
0.2000 0.2000 0.0000
0.4000 0.6000 0.0000
0.6000 1.0000 0.2000
0.8000 1.0000 0.4000
1.0000 1.0000 0.6000
1.0000 0.8000 0.6000
1.0000 0.6000 0.6000
1.0000 0.4000 0.6000
1.0000 0.2000 0.6000
0.8000 0.2000 0.6000
0.6000 0.0000 0.6000
0.4000 0.4000 0.2000
0.6000 0.8000 0.0000
0.8000 1.0000 0.2000
1.0000 1.0000 0.4000
1.0000 0.8000 0.4000
1.0000 0.6000 0.4000
1.0000 0.4000 0.4000
1.0000 0.0000 0.4000
0.8000 0.4000 0.6000
0.6000 0.2000 0.4000
0.6000 0.6000 0.4000
0.8000 0.8000 0.0000
1.0000 1.0000 0.0000
1.0000 0.8000 0.0000
1.0000 0.6000 0.2000
1.0000 0.4000 0.0000
1.0000 0.3137 0.3137
0.8000 0.0000 0.4000
0.4000 0.0000 0.2000
0.6000 0.4000 0.2000
0.8000 0.6000 0.0000
1.0000 0.6000 0.0000
0.8000 0.4000 0.0000
1.0000 0.2000 0.0000
1.0000 0.0000 0.0000
0.8000 0.0000 0.0000
0.6000 0.0000 0.2000
0.4000 0.2000 0.0000
0.6000 0.4000 0.0000
0.8000 0.2000 0.0000
0.6000 0.2000 0.0000
0.6000 0.0000 0.0000
0.5020 0.0000 0.0000
0.6000 0.2000 0.2000
